#Treatment	Dose	Effect
KU0063794	182|182|182|364|364|364|728|728|728|1456|1456|1456|2912|2912|2912	0.8424|0.89|0.8458|0.7077|0.7043|0.7456|0.5772|0.5461|0.5469|0.4487|0.4279|0.3398|0.3002|0.2586|0.1901
BEZ235	5.25|5.25|5.25|10.5|10.5|10.5|21|21|21|42|42|42|84|84|84	0.9057|0.8595|0.9302|0.7169|0.674|0.6902|0.4068|0.3636|0.4317|0.2727|0.2883|0.2293|0.1462|0.1635|0.0846
GDC0941	270.25|270.25|270.25|540.5|540.5|540.5|1081|1081|1081|2162|2162|2162|4324|4324|4324	0.653|0.782|0.7363|0.5771|0.634|0.5505|0.4439|0.3933|0.4134|0.2823|0.2286|0.1757|0.1029|0.0324|-0.0288
PD0325901	5.25|5.25|5.25|10.5|10.5|10.5|21|21|21|42|42|42|84|84|84	0.6692|0.6867|0.8012|0.6111|0.62|0.6492|0.4771|0.5177|0.5327|0.3878|0.4092|0.4673|0.2945|0.3224|0.3742
ARRY142886	78|78|78|156|156|156|312|312|312|624|624|624|1248|1248|1248	0.6129|0.6241|0.6712|0.5496|0.5248|0.5736|0.4946|0.4826|0.4176|0.3948|0.4333|0.4058|0.3351|0.3773|0.3537
KU0063794-BEZ235	182-5.25|182-5.25|182-5.25|364-10.5|364-10.5|364-10.5|728-21|728-21|728-21|1456-42|1456-42|1456-42|2912-84|2912-84|2912-84	0.7818|0.6654|0.764|0.5803|0.5143|0.5555|0.3347|0.3031|0.2919|0.2313|0.2235|0.1403|0.1286|0.1506|0.1075
KU0063794-GDC0941	182-270.25|182-270.25|182-270.25|364-540.5|364-540.5|364-540.5|728-1081|728-1081|728-1081|1456-2162|1456-2162|1456-2162|2912-4324|2912-4324|2912-4324	0.5397|0.5759|0.4425|0.348|0.3659|0.217|0.1473|0.192|0.0437|0.0605|0.108|-0.0272|-0.0007|0.0406|-0.0723
KU0063794-PD0325901	182-5.25|182-5.25|182-5.25|364-10.5|364-10.5|364-10.5|728-21|728-21|728-21|1456-42|1456-42|1456-42|2912-84|2912-84|2912-84	0.5601|0.6142|0.5142|0.3787|0.4681|0.3291|0.2579|0.2945|0.1751|0.1381|0.1723|0.0617|0.0712|0.0989|-0.0154
KU0063794-ARRY142886	182-78|182-78|182-78|364-156|364-156|364-156|728-312|728-312|728-312|1456-624|1456-624|1456-624|2912-1248|2912-1248|2912-1248	0.4445|0.5407|0.4635|0.3097|0.3829|0.2975|0.1612|0.2507|0.1591|0.0691|0.1224|0.0391|-0.0047|0.0446|-0.0374
