#: :type=:double
#Treatment	Dose	Effect	STD
AK	0.3125|0.3125|0.3125|0.3125|0.3125|0.3125|0.625|0.625|0.625|0.625|0.625|0.625|1.25|1.25|1.25|1.25|1.25|1.25|2.5|2.5|2.5|2.5|2.5|2.5|5.0|5.0|5.0|5.0|5.0|5.0|10.0|10.0|10.0|10.0|10.0|10.0|20.0|20.0|20.0|20.0|20.0|20.0	1.216|0.951|0.983|0.984|0.96|0.854|0.995|0.935|0.895|0.909|0.808|0.859|0.98|0.878|0.887|0.934|0.831|0.839|0.926|0.803|0.785|0.862|0.746|0.831|0.722|0.674|0.587|0.647|0.609|0.703|0.412|0.33|0.399|0.343|0.365|0.376|0.264|0.217|0.277|0.224|0.193|0.217	0.12|0.028|0.036|0.054|0.089|0.096|0.1|0.035|0.056|0.032|0.062|0.038|0.097|0.047|0.081|0.047|0.087|0.028|0.037|0.024|0.072|0.048|0.024|0.046|0.043|0.066|0.034|0.059|0.064|0.052|0.018|0.024|0.04|0.023|0.021|0.024|0.022|0.012|0.034|0.009|0.016|0.015
PI	0.125|0.125|0.125|0.125|0.125|0.125|0.25|0.25|0.25|0.25|0.25|0.25|0.5|0.5|0.5|0.5|0.5|0.5|1.0|1.0|1.0|1.0|1.0|1.0|2.0|2.0|2.0|2.0|2.0|2.0|4.0|4.0|4.0|4.0|4.0|4.0|8.0|0.0625|0.0625|0.0625|0.0625|0.0625	1.023|0.775|0.753|0.867|0.898|1.002|0.788|0.705|0.687|0.653|0.811|0.896|0.636|0.628|0.544|0.529|0.652|0.708|0.433|0.453|0.391|0.368|0.459|0.618|0.323|0.295|0.283|0.27|0.311|0.42|0.253|0.218|0.207|0.199|0.235|0.333|0.225|0.874|0.928|0.955|0.967|0.929	0.061|0.077|0.045|0.036|0.02|0.299|0.042|0.025|0.086|0.048|0.057|0.047|0.039|0.027|0.04|0.023|0.07|0.118|0.036|0.025|0.045|0.014|0.039|0.11|0.017|0.031|0.042|0.017|0.03|0.036|0.015|0.007|0.009|0.004|0.022|0.052|0.02|0.063|0.037|0.013|0.061|0.147
SU	0.3125|0.3125|0.3125|0.3125|0.3125|0.3125|0.625|0.625|0.625|0.625|0.625|0.625|1.25|1.25|1.25|1.25|1.25|1.25|2.5|2.5|2.5|2.5|2.5|2.5|5.0|5.0|5.0|5.0|5.0|5.0|10.0|10.0|10.0|10.0|10.0|10.0|20.0|20.0|20.0|20.0|20.0|20.0	1.08|0.978|1.095|1.086|1.171|1.026|1.061|0.797|1.083|0.991|1.137|1.059|0.861|0.909|1.092|0.887|1.058|1.012|0.806|0.73|0.926|0.835|0.818|0.781|0.645|0.553|0.721|0.607|0.605|0.549|0.444|0.44|0.568|0.492|0.575|0.468|0.282|0.293|0.482|0.313|0.316|0.334	0.138|0.145|0.065|0.089|0.114|0.036|0.171|0.087|0.079|0.084|0.118|0.039|0.097|0.103|0.089|0.096|0.041|0.077|0.038|0.057|0.081|0.057|0.05|0.048|0.044|0.043|0.096|0.059|0.059|0.033|0.03|0.029|0.066|0.087|0.026|0.029|0.02|0.032|0.085|0.043|0.025|0.02
GF	0.625|0.625|0.625|0.625|0.625|1.25|1.25|1.25|1.25|1.25|2.5|2.5|2.5|2.5|2.5|5.0|5.0|5.0|5.0|5.0|10.0|10.0|10.0|10.0|10.0|20.0|20.0|20.0|20.0|20.0|40.0|0.3125|0.3125|0.3125|0.3125	1.171|1.123|0.976|0.961|0.97|1.131|1.108|1.042|0.938|0.964|0.801|1.003|0.93|0.86|0.969|0.803|0.926|0.903|0.62|0.846|0.661|0.759|0.702|0.421|0.525|0.21|0.391|0.366|0.133|0.221|-0.003|1.068|1.001|1.047|0.922	0.129|0.073|0.063|0.045|0.067|0.137|0.043|0.113|0.041|0.106|0.038|0.1|0.111|0.053|0.044|0.073|0.062|0.116|0.039|0.063|0.076|0.09|0.084|0.017|0.063|0.019|0.089|0.058|0.006|0.03|0.002|0.043|0.04|0.081|0.063
HN	0.3125|0.3125|0.3125|0.3125|0.3125|0.3125|0.625|0.625|0.625|0.625|0.625|0.625|1.25|1.25|1.25|1.25|1.25|1.25|2.5|2.5|2.5|2.5|2.5|2.5|5.0|5.0|5.0|5.0|5.0|5.0|10.0|10.0|10.0|10.0|10.0|10.0|20.0|20.0|20.0|20.0|20.0|20.0	0.995|1.0|0.992|0.993|1.203|1.106|1.129|0.907|0.969|1.105|1.033|1.088|1.018|0.833|0.909|0.998|0.967|1.016|0.976|0.779|0.765|0.927|0.773|0.78|1.074|0.642|0.656|0.672|0.511|0.582|0.69|0.296|0.349|0.398|0.256|0.214|0.27|0.058|0.098|0.069|0.013|0.018	0.06|0.074|0.037|0.063|0.067|0.026|0.149|0.08|0.053|0.064|0.125|0.053|0.066|0.059|0.037|0.045|0.092|0.099|0.07|0.072|0.038|0.133|0.073|0.086|0.162|0.084|0.024|0.122|0.038|0.026|0.042|0.046|0.025|0.124|0.027|0.034|0.026|0.014|0.022|0.028|0.003|0.003
RT	0.0625|0.0625|0.125|0.125|0.25|0.25|0.5|0.5|1.0|1.0|2.0|2.0|4.0|4.0|0.078125|0.078125|0.078125|0.15625|0.15625|0.15625|0.3125|0.3125|0.3125|0.625|0.625|0.625|1.25|1.25|1.25|2.5|2.5|2.5|5.0|5.0|5.0	1.01|0.985|0.786|0.919|0.766|0.842|0.672|0.745|0.494|0.687|0.209|0.198|0.106|0.138|1.083|1.053|1.033|1.05|1.009|1.01|0.979|0.971|0.965|1.012|0.939|0.935|0.756|0.945|0.621|0.327|0.808|0.216|0.164|0.672|0.178	0.076|0.063|0.045|0.048|0.042|0.038|0.062|0.054|0.044|0.034|0.069|0.022|0.009|0.01|0.032|0.043|0.136|0.033|0.033|0.099|0.079|0.041|0.067|0.095|0.054|0.105|0.054|0.049|0.064|0.049|0.033|0.022|0.014|0.09|0.011
ER	0.3125|0.3125|0.3125|0.3125|0.3125|0.3125|0.625|0.625|0.625|0.625|0.625|0.625|1.25|1.25|1.25|1.25|1.25|1.25|2.5|2.5|2.5|2.5|2.5|2.5|5.0|5.0|5.0|5.0|5.0|5.0|10.0|20.0|0.078125|0.078125|0.078125|0.078125|0.078125|0.15625|0.15625|0.15625|0.15625|0.15625	1.022|0.859|1.026|0.951|1.128|0.984|1.002|0.768|1.019|0.922|1.099|0.971|1.004|0.771|1.001|0.931|1.024|0.952|0.967|0.766|0.969|0.924|1.074|0.845|0.973|0.768|0.949|0.965|0.975|0.922|1.004|0.829|0.908|1.01|1.0|1.184|1.037|0.816|1.053|0.942|1.136|1.1	0.046|0.056|0.038|0.027|0.085|0.062|0.067|0.06|0.048|0.041|0.085|0.097|0.04|0.065|0.062|0.037|0.123|0.105|0.038|0.115|0.069|0.032|0.094|0.106|0.027|0.093|0.114|0.079|0.045|0.056|0.031|0.045|0.078|0.025|0.029|0.037|0.025|0.039|0.037|0.055|0.024|0.05
SL	0.3125|0.3125|0.3125|0.3125|0.3125|0.3125|0.625|0.625|0.625|0.625|0.625|0.625|1.25|1.25|1.25|1.25|1.25|1.25|2.5|2.5|2.5|2.5|2.5|2.5|5.0|5.0|5.0|5.0|5.0|5.0|10.0|20.0|0.078125|0.078125|0.078125|0.078125|0.078125|0.15625|0.15625|0.15625|0.15625|0.15625	1.311|1.017|1.047|1.117|1.052|0.992|1.133|1.019|1.071|1.019|0.953|1.054|1.03|0.904|1.035|0.904|0.992|1.038|0.898|0.966|0.997|0.807|0.887|1.065|0.904|0.903|0.977|0.647|0.851|1.01|0.878|0.9|1.019|1.023|1.193|1.117|1.082|1.005|1.047|1.05|1.076|0.961	0.091|0.046|0.072|0.047|0.055|0.067|0.216|0.031|0.101|0.027|0.059|0.048|0.152|0.044|0.045|0.037|0.064|0.092|0.068|0.035|0.039|0.075|0.078|0.06|0.045|0.049|0.023|0.036|0.085|0.074|0.053|0.035|0.03|0.014|0.034|0.041|0.018|0.035|0.037|0.028|0.044|0.058
AG	0.3125|0.3125|0.3125|0.3125|0.3125|0.3125|0.625|0.625|0.625|0.625|0.625|0.625|1.25|1.25|1.25|1.25|1.25|1.25|2.5|2.5|2.5|2.5|2.5|2.5|5.0|5.0|5.0|5.0|5.0|5.0|10.0|20.0|0.078125|0.078125|0.078125|0.078125|0.078125|0.15625|0.15625|0.15625|0.15625|0.15625	1.076|0.976|1.052|0.952|1.0|1.018|0.964|0.979|0.967|0.918|0.949|1.112|0.925|0.945|0.972|0.795|0.922|1.041|0.813|0.827|0.955|0.767|0.905|1.059|0.842|0.857|0.861|0.797|0.866|0.926|0.8|0.667|0.958|1.027|1.059|1.229|0.985|1.044|1.053|0.96|1.059|0.999	0.051|0.026|0.059|0.051|0.029|0.065|0.076|0.078|0.03|0.038|0.031|0.08|0.085|0.063|0.046|0.05|0.04|0.048|0.044|0.066|0.082|0.035|0.057|0.09|0.058|0.078|0.051|0.065|0.067|0.078|0.035|0.061|0.037|0.034|0.083|0.129|0.113|0.1|0.071|0.041|0.073|0.073
RY	0.03125|0.03125|0.03125|0.03125|0.0625|0.0625|0.0625|0.0625|0.125|0.125|0.125|0.125|0.25|0.25|0.25|0.25|0.5|0.5|0.5|0.5|1.0|1.0|1.0|1.0|2.0|2.0|2.0|2.0	1.098|0.941|1.235|1.021|0.989|0.975|1.294|1.051|0.992|0.959|1.351|1.113|1.036|0.929|1.302|1.192|1.003|0.964|1.037|1.216|0.724|0.681|0.446|0.746|0.089|0.117|0.059|0.065	0.035|0.04|0.029|0.105|0.09|0.044|0.032|0.067|0.05|0.018|0.055|0.045|0.015|0.04|0.054|0.068|0.043|0.045|0.11|0.049|0.027|0.048|0.094|0.058|0.031|0.02|0.002|0.005
ST	0.00625|0.0125|0.025|0.05|0.1|0.2|0.4|0.078125|0.078125|0.078125|0.078125|0.15625|0.15625|0.15625|0.15625|0.3125|0.3125|0.3125|0.3125|0.625|0.625|0.625|0.625|1.25|1.25|1.25|1.25|2.5|2.5|2.5|2.5|5.0|5.0|5.0|5.0	1.145|1.107|1.089|1.053|1.114|1.072|0.738|1.014|1.215|1.05|0.629|0.998|1.221|1.048|0.752|0.873|0.97|0.96|0.417|0.595|0.514|0.629|0.306|0.277|0.429|0.333|0.036|0.011|0.017|0.039|0.01|-0.001|0.001|0.009|0.008	0.102|0.018|0.052|0.077|0.052|0.049|0.044|0.068|0.079|0.013|0.082|0.058|0.103|0.024|0.062|0.026|0.125|0.023|0.028|0.05|0.139|0.032|0.023|0.036|0.132|0.018|0.007|0.012|0.007|0.004|0.001|0.002|0.001|0.001|0.001
SR	0.078125|0.078125|0.078125|0.078125|0.078125|0.15625|0.15625|0.15625|0.15625|0.15625|0.3125|0.3125|0.3125|0.3125|0.3125|0.625|0.625|0.625|0.625|0.625|1.25|1.25|1.25|1.25|1.25|2.5|2.5|2.5|2.5|2.5|5.0|5.0|5.0|5.0|5.0	0.946|1.039|1.099|1.15|1.13|0.998|1.027|1.106|1.164|1.069|1.069|1.003|0.96|1.137|1.168|1.089|1.045|1.047|1.172|1.183|1.058|0.859|0.981|1.108|1.23|1.093|1.056|1.035|1.166|1.174|1.044|1.069|0.981|1.019|1.109	0.098|0.031|0.036|0.052|0.085|0.116|0.038|0.037|0.051|0.095|0.123|0.069|0.099|0.056|0.088|0.115|0.083|0.077|0.083|0.135|0.12|0.048|0.082|0.066|0.091|0.121|0.077|0.055|0.057|0.052|0.156|0.053|0.094|0.059|0.085
PD	0.15625|0.15625|0.15625|0.15625|0.15625|0.3125|0.3125|0.3125|0.3125|0.3125|0.625|0.625|0.625|0.625|0.625|1.25|1.25|1.25|1.25|1.25|2.5|2.5|2.5|2.5|2.5|5.0|5.0|5.0|5.0|5.0|10.0|10.0|10.0|10.0|10.0	1.034|0.853|0.991|1.247|1.02|1.014|0.875|0.954|1.029|0.989|0.997|0.709|0.846|1.023|0.974|0.923|0.625|0.83|0.884|0.771|0.733|0.539|0.641|0.681|0.587|0.551|0.403|0.402|0.425|0.371|0.366|0.232|0.26|0.284|0.225	0.015|0.069|0.02|0.119|0.039|0.032|0.05|0.048|0.057|0.033|0.041|0.081|0.04|0.061|0.085|0.098|0.046|0.038|0.064|0.065|0.059|0.092|0.03|0.08|0.028|0.085|0.081|0.015|0.011|0.024|0.034|0.022|0.042|0.013|0.023
AK-PI	0.3125-0.0625|0.625-0.125|1.25-0.25|2.5-0.5|5.0-1.0|10.0-2.0|20.0-4.0	0.927|0.781|0.588|0.472|0.32|0.238|0.141	0.051|0.039|0.025|0.028|0.027|0.012|0.009
AK-SU	0.3125-0.3125|0.625-0.625|1.25-1.25|2.5-2.5|5.0-5.0|10.0-10.0|20.0-20.0	0.896|0.996|0.821|0.674|0.391|0.21|0.015	0.036|0.048|0.062|0.035|0.03|0.016|0.001
PI-SU	0.0625-0.3125|0.125-0.625|0.25-1.25|0.5-2.5|1.0-5.0|2.0-10.0|4.0-20.0	0.93|0.799|0.588|0.536|0.268|0.171|0.099	0.038|0.067|0.05|0.067|0.031|0.029|0.007
GF-HN	0.3125-0.3125|0.625-0.625|1.25-1.25|2.5-2.5|5.0-5.0|10.0-10.0|20.0-20.0	1.042|0.983|0.965|0.8|0.575|0.251|0.003	0.046|0.022|0.101|0.049|0.05|0.046|0.001
HN-RT	0.3125-0.078125|0.625-0.15625|1.25-0.3125|2.5-0.625|5.0-1.25|10.0-2.5|20.0-5.0	0.89|0.999|0.808|0.773|0.528|0.249|0.027	0.082|0.05|0.032|0.057|0.059|0.036|0.005
ER-SL	0.078125-0.078125|0.15625-0.15625|0.3125-0.3125|0.625-0.625|1.25-1.25|2.5-2.5|5.0-5.0	0.898|0.887|0.917|1.043|0.984|0.888|0.83	0.09|0.088|0.036|0.044|0.052|0.047|0.052
ER-SU	0.078125-0.3125|0.15625-0.625|0.3125-1.25|0.625-2.5|1.25-5.0|2.5-10.0|5.0-20.0	0.829|0.837|0.739|0.625|0.532|0.385|0.279	0.123|0.081|0.078|0.068|0.045|0.022|0.038
SL-SU	0.078125-0.3125|0.15625-0.625|0.3125-1.25|0.625-2.5|1.25-5.0|2.5-10.0|5.0-20.0	0.828|0.845|0.771|0.674|0.65|0.426|0.321	0.082|0.052|0.08|0.046|0.09|0.054|0.384
AG-RT	0.078125-0.078125|0.078125-0.078125|0.15625-0.15625|0.15625-0.15625|0.3125-0.3125|0.3125-0.3125|0.625-0.625|0.625-0.625|1.25-1.25|1.25-1.25|2.5-2.5|2.5-2.5|5.0-5.0|5.0-5.0	0.957|1.016|0.941|1.028|0.886|0.998|0.616|0.936|0.518|0.631|0.177|0.201|0.104|0.159	0.085|0.125|0.059|0.093|0.061|0.139|0.056|0.083|0.038|0.055|0.011|0.015|0.009|0.013
AG-RY	0.078125-0.03125|0.15625-0.0625|0.3125-0.125|0.625-0.25|1.25-0.5|2.5-1.0|5.0-2.0	1.15|1.067|1.07|1.045|0.923|0.387|0.037	0.039|0.048|0.03|0.048|0.02|0.031|0.002
AG-ST	0.078125-0.078125|0.15625-0.15625|0.3125-0.3125|0.625-0.625|1.25-1.25|2.5-2.5|5.0-5.0	0.703|0.923|0.868|0.848|0.82|0.654|0.285	0.024|0.022|0.044|0.038|0.039|0.1|0.056
RT-RY	0.078125-0.03125|0.15625-0.0625|0.3125-0.125|0.625-0.25|1.25-0.5|2.5-1.0|5.0-2.0	1.094|1.097|1.062|1.207|0.998|0.155|0.027	0.055|0.034|0.033|0.028|0.068|0.037|0.004
RT-ST	0.078125-0.078125|0.078125-0.078125|0.15625-0.15625|0.15625-0.15625|0.3125-0.3125|0.3125-0.3125|0.625-0.625|0.625-0.625|1.25-1.25|1.25-1.25|2.5-2.5|2.5-2.5|5.0-5.0|5.0-5.0	1.044|1.087|1.009|1.119|0.974|0.935|0.915|0.543|0.719|0.114|0.205|0.005|0.145|-0.004	0.034|0.076|0.04|0.102|0.06|0.104|0.044|0.076|0.029|0.027|0.018|0.001|0.014|0.001
RY-ST	0.03125-0.078125|0.0625-0.15625|0.125-0.3125|0.25-0.625|0.5-1.25|1.0-2.5|2.0-5.0	1.009|1.041|0.945|1.003|0.989|0.572|0.02	0.041|0.053|0.058|0.048|0.017|0.062|0.012
AK-RY	0.3125-0.03125|0.625-0.0625|1.25-0.125|2.5-0.25|5.0-0.5|10.0-1.0|20.0-2.0	0.884|0.874|0.832|0.823|0.529|0.198|0.012	0.006|0.046|0.016|0.031|0.068|0.017|0.001
AG-HN	0.078125-0.3125|0.15625-0.625|0.3125-1.25|0.625-2.5|1.25-5.0|2.5-10.0|5.0-20.0	0.955|0.933|0.809|0.756|0.606|0.234|0.055	0.056|0.048|0.03|0.049|0.023|0.013|0.009
AG-SL	0.078125-0.078125|0.078125-0.078125|0.15625-0.15625|0.15625-0.15625|0.3125-0.3125|0.3125-0.3125|0.625-0.625|0.625-0.625|1.25-1.25|1.25-1.25|2.5-2.5|2.5-2.5|5.0-5.0|5.0-5.0	0.942|1.145|0.877|1.158|0.815|0.969|0.696|0.807|0.427|0.744|0.322|0.633|0.216|0.601	0.05|0.086|0.028|0.098|0.045|0.075|0.034|0.121|0.045|0.069|0.03|0.062|0.018|0.052
HN-PI	0.3125-0.0625|0.625-0.125|1.25-0.25|2.5-0.5|5.0-1.0|10.0-2.0|20.0-4.0	1.177|1.026|0.931|0.845|0.549|0.376|0.263	0.064|0.044|0.031|0.043|0.016|0.022|0.015
HN-SL	0.3125-0.078125|0.625-0.15625|1.25-0.3125|2.5-0.625|5.0-1.25|10.0-2.5|20.0-5.0	0.994|0.929|0.885|0.8|0.616|0.293|0.044	0.039|0.053|0.068|0.05|0.031|0.033|0.003
HN-SR	0.3125-0.078125|0.625-0.15625|1.25-0.3125|2.5-0.625|5.0-1.25|10.0-2.5|20.0-5.0	1.005|0.995|0.972|0.86|0.685|0.332|0.094	0.064|0.045|0.052|0.053|0.049|0.021|0.011
PI-SL	0.0625-0.078125|0.0625-0.078125|0.125-0.15625|0.125-0.15625|0.25-0.3125|0.25-0.3125|0.5-0.625|0.5-0.625|1.0-1.25|1.0-1.25|2.0-2.5|2.0-2.5|4.0-5.0|4.0-5.0	0.976|0.901|0.925|0.876|0.717|0.812|0.523|0.626|0.345|0.447|0.151|0.285|0.05|0.222	0.029|0.057|0.065|0.045|0.062|0.105|0.009|0.04|0.011|0.02|0.009|0.022|0.003|0.025
PI-SR	0.0625-0.078125|0.125-0.15625|0.25-0.3125|0.5-0.625|1.0-1.25|2.0-2.5|4.0-5.0	1.045|1.017|0.822|0.589|0.453|0.32|0.264	0.042|0.091|0.035|0.026|0.036|0.023|0.018
SL-SR	0.078125-0.078125|0.078125-0.078125|0.078125-0.078125|0.078125-0.078125|0.15625-0.15625|0.15625-0.15625|0.15625-0.15625|0.15625-0.15625|0.3125-0.3125|0.3125-0.3125|0.3125-0.3125|0.3125-0.3125|0.625-0.625|0.625-0.625|0.625-0.625|0.625-0.625|1.25-1.25|1.25-1.25|1.25-1.25|1.25-1.25|2.5-2.5|2.5-2.5|2.5-2.5|2.5-2.5|5.0-5.0|5.0-5.0|5.0-5.0|5.0-5.0	1.144|1.037|0.974|1.121|1.166|1.031|1.02|0.987|1.264|1.054|0.977|1.07|0.994|1.046|0.91|0.967|1.074|1.043|0.827|0.967|1.084|1.017|0.782|0.922|0.916|0.992|0.553|0.868	0.076|0.036|0.042|0.128|0.075|0.052|0.085|0.079|0.095|0.061|0.061|0.157|0.102|0.031|0.019|0.1|0.111|0.028|0.038|0.124|0.06|0.048|0.058|0.086|0.099|0.033|0.027|0.107
PD-RT	0.15625-0.078125|0.3125-0.15625|0.625-0.3125|1.25-0.625|2.5-1.25|5.0-2.5|10.0-5.0	0.954|0.983|0.899|0.743|0.587|0.227|0.147	0.07|0.078|0.085|0.088|0.036|0.043|0.011
PD-ST	0.15625-0.078125|0.3125-0.15625|0.625-0.3125|1.25-0.625|2.5-1.25|5.0-2.5|10.0-5.0	1.011|1.008|0.781|0.511|0.228|0.001|-0.003	0.056|0.07|0.065|0.085|0.033|0.001|0.001
PD-SU	0.15625-0.3125|0.3125-0.625|0.625-1.25|1.25-2.5|2.5-5.0|5.0-10.0|10.0-20.0	1.049|1.039|0.937|0.8|0.551|0.441|0.178	0.047|0.056|0.059|0.033|0.043|0.052|0.018
RT-SU	0.078125-0.3125|0.15625-0.625|0.3125-1.25|0.625-2.5|1.25-5.0|2.5-10.0|5.0-20.0	1.198|1.091|1.103|0.94|0.315|0.155|0.068	0.1|0.091|0.111|0.128|0.069|0.029|0.015
ST-SU	0.078125-0.3125|0.078125-0.3125|0.15625-0.625|0.15625-0.625|0.3125-1.25|0.3125-1.25|0.625-2.5|0.625-2.5|1.25-5.0|1.25-5.0|2.5-10.0|2.5-10.0|5.0-20.0|5.0-20.0	0.972|1.044|1.052|1.046|0.867|0.939|0.637|0.646|0.152|0.271|0.014|0.026|0.01|0.011	0.07|0.035|0.05|0.043|0.054|0.042|0.047|0.035|0.018|0.013|0.001|0.002|0.001|0.002
GF-SL	0.3125-0.078125|0.625-0.15625|1.25-0.3125|2.5-0.625|5.0-1.25|10.0-2.5|20.0-5.0	1.005|1.008|0.949|0.946|0.881|0.677|0.341	0.04|0.046|0.04|0.07|0.035|0.012|0.034
GF-SR	0.3125-0.078125|0.625-0.15625|1.25-0.3125|2.5-0.625|5.0-1.25|10.0-2.5|20.0-5.0	1.043|0.978|0.986|1.004|0.95|0.741|0.24	0.031|0.063|0.053|0.074|0.051|0.075|0.035
GF-ST	0.3125-0.078125|0.625-0.15625|1.25-0.3125|2.5-0.625|5.0-1.25|10.0-2.5|20.0-5.0	1.048|1.001|0.875|0.44|0.236|0.01|0.0	0.033|0.041|0.085|0.04|0.031|0.001|0.0
SL-ST	0.078125-0.078125|0.15625-0.15625|0.3125-0.3125|0.625-0.625|1.25-1.25|2.5-2.5|5.0-5.0	1.099|1.104|0.954|0.524|0.351|0.018|-0.001	0.017|0.028|0.063|0.035|0.054|0.006|0.001
SR-ST	0.078125-0.078125|0.15625-0.15625|0.3125-0.3125|0.625-0.625|1.25-1.25|2.5-2.5|5.0-5.0	1.029|1.012|0.911|0.52|0.343|0.024|0.0	0.041|0.041|0.042|0.066|0.043|0.006|0.001
ER-PD	0.078125-0.15625|0.15625-0.3125|0.3125-0.625|0.625-1.25|1.25-2.5|2.5-5.0|5.0-10.0	0.934|0.956|0.793|0.743|0.621|0.425|0.344	0.067|0.11|0.09|0.07|0.053|0.103|0.015
ER-PI	0.078125-0.0625|0.15625-0.125|0.3125-0.25|0.625-0.5|1.25-1.0|2.5-2.0|5.0-4.0	0.861|0.808|0.705|0.56|0.433|0.311|0.231	0.043|0.041|0.079|0.065|0.037|0.019|0.008
PD-PI	0.15625-0.0625|0.3125-0.125|0.625-0.25|1.25-0.5|2.5-1.0|5.0-2.0|10.0-4.0	0.818|0.764|0.611|0.49|0.346|0.25|0.176	0.05|0.062|0.086|0.031|0.035|0.034|0.019
AG-AK	0.078125-0.3125|0.078125-0.3125|0.15625-0.625|0.15625-0.625|0.3125-1.25|0.3125-1.25|0.625-2.5|0.625-2.5|1.25-5.0|1.25-5.0|2.5-10.0|2.5-10.0|5.0-20.0|5.0-20.0	0.871|0.91|0.86|0.897|0.863|0.831|0.843|0.811|0.713|0.58|0.406|0.349|0.27|0.221	0.08|0.044|0.064|0.043|0.104|0.028|0.116|0.028|0.06|0.02|0.069|0.018|0.044|0.005
AG-ER	0.078125-0.078125|0.15625-0.15625|0.3125-0.3125|0.625-0.625|1.25-1.25|2.5-2.5|5.0-5.0	1.027|1.024|1.042|1.1|0.96|0.985|0.833	0.069|0.08|0.097|0.113|0.103|0.14|0.108
AG-GF	0.078125-0.3125|0.15625-0.625|0.3125-1.25|0.625-2.5|1.25-5.0|2.5-10.0|5.0-20.0	0.895|0.895|0.857|0.938|0.799|0.552|0.24	0.072|0.078|0.077|0.083|0.05|0.062|0.023
AK-ER	0.3125-0.078125|0.625-0.15625|1.25-0.3125|2.5-0.625|5.0-1.25|10.0-2.5|20.0-5.0	0.965|0.929|0.906|0.88|0.697|0.422|0.27	0.042|0.081|0.058|0.062|0.053|0.066|0.048
AK-GF	0.3125-0.3125|0.625-0.625|1.25-1.25|2.5-2.5|5.0-5.0|10.0-10.0|20.0-20.0	0.855|0.809|0.725|0.658|0.357|0.159|0.01	0.039|0.062|0.057|0.023|0.013|0.008|0.001
ER-GF	0.078125-0.3125|0.15625-0.625|0.3125-1.25|0.625-2.5|1.25-5.0|2.5-10.0|5.0-20.0	0.944|0.935|0.924|0.901|0.805|0.654|0.28	0.039|0.036|0.043|0.033|0.037|0.056|0.01
HN-ST	0.3125-0.078125|0.625-0.15625|1.25-0.3125|2.5-0.625|5.0-1.25|10.0-2.5|20.0-5.0	0.924|0.926|0.833|0.495|0.201|0.024|0.013	0.033|0.03|0.038|0.096|0.018|0.002|0.001
HN-SU	0.3125-0.3125|0.625-0.625|1.25-1.25|2.5-2.5|5.0-5.0|10.0-10.0|20.0-20.0	0.968|1.0|0.919|0.713|0.411|0.209|0.026	0.01|0.038|0.037|0.089|0.031|0.015|0.014
AG-PD	0.078125-0.15625|0.15625-0.3125|0.3125-0.625|0.625-1.25|1.25-2.5|2.5-5.0|5.0-10.0	1.008|0.94|0.912|0.757|0.569|0.449|0.303	0.04|0.057|0.064|0.085|0.033|0.05|0.02
AK-PD	0.3125-0.15625|0.625-0.3125|1.25-0.625|2.5-1.25|5.0-2.5|10.0-5.0|20.0-10.0	0.881|0.817|0.733|0.563|0.438|0.242|0.157	0.021|0.071|0.09|0.045|0.055|0.022|0.012
AK-SL	0.3125-0.078125|0.625-0.15625|1.25-0.3125|2.5-0.625|5.0-1.25|10.0-2.5|20.0-5.0	0.969|0.879|0.857|0.673|0.554|0.331|0.214	0.036|0.039|0.026|0.058|0.046|0.029|0.017
AK-SR	0.3125-0.078125|0.625-0.15625|1.25-0.3125|2.5-0.625|5.0-1.25|10.0-2.5|20.0-5.0	1.058|1.031|0.984|0.91|0.656|0.378|0.162	0.03|0.034|0.041|0.064|0.044|0.023|0.015
PD-SL	0.15625-0.078125|0.3125-0.15625|0.625-0.3125|1.25-0.625|2.5-1.25|5.0-2.5|10.0-5.0	0.942|0.926|0.812|0.674|0.519|0.345|0.206	0.05|0.044|0.031|0.032|0.031|0.03|0.012
PD-SR	0.15625-0.078125|0.3125-0.15625|0.625-0.3125|1.25-0.625|2.5-1.25|5.0-2.5|10.0-5.0	0.922|0.937|0.878|0.783|0.618|0.397|0.263	0.052|0.054|0.056|0.047|0.054|0.034|0.014
ER-HN	0.078125-0.3125|0.15625-0.625|0.3125-1.25|0.625-2.5|1.25-5.0|2.5-10.0|5.0-20.0	0.957|0.851|0.908|0.707|0.57|0.28|0.049	0.057|0.036|0.054|0.04|0.039|0.021|0.004
GF-PI	0.3125-0.0625|0.625-0.125|1.25-0.25|2.5-0.5|5.0-1.0|10.0-2.0|20.0-4.0	0.822|0.784|0.542|0.422|0.274|0.13|0.044	0.083|0.065|0.042|0.021|0.014|0.014|0.002
GF-RT	0.3125-0.078125|0.625-0.15625|1.25-0.3125|2.5-0.625|5.0-1.25|10.0-2.5|20.0-5.0	0.963|0.988|0.93|0.873|0.686|0.385|0.106	0.029|0.043|0.024|0.026|0.078|0.03|0.006
PI-RT	0.0625-0.078125|0.125-0.15625|0.25-0.3125|0.5-0.625|1.0-1.25|2.0-2.5|4.0-5.0	0.925|0.855|0.635|0.501|0.382|0.193|0.084	0.034|0.049|0.07|0.034|0.017|0.018|0.009
AG-SU	0.078125-0.3125|0.15625-0.625|0.3125-1.25|0.625-2.5|1.25-5.0|2.5-10.0|5.0-20.0	1.14|1.126|1.11|0.95|0.658|0.578|0.355	0.045|0.045|0.029|0.073|0.32|0.013|0.018
AK-HN	0.3125-0.3125|0.625-0.625|1.25-1.25|2.5-2.5|5.0-5.0|10.0-10.0|20.0-20.0	0.893|0.897|0.826|0.748|0.511|0.288|0.006	0.03|0.038|0.028|0.042|0.015|0.013|0.001
ER-SR	0.078125-0.078125|0.15625-0.15625|0.3125-0.3125|0.625-0.625|1.25-1.25|2.5-2.5|5.0-5.0	1.17|1.137|1.208|1.206|1.21|1.169|0.979	0.087|0.062|0.076|0.066|0.06|0.093|0.101
HN-PD	0.3125-0.15625|0.625-0.3125|1.25-0.625|2.5-1.25|5.0-2.5|10.0-5.0|20.0-10.0	1.021|0.96|0.778|0.58|0.421|0.195|0.027	0.047|0.035|0.078|0.015|0.015|0.017|0.005
PD-RY	0.15625-0.03125|0.3125-0.0625|0.625-0.125|1.25-0.25|2.5-0.5|5.0-1.0|10.0-2.0	0.973|0.938|0.853|0.73|0.565|0.296|0.075	0.027|0.046|0.078|0.049|0.022|0.019|0.005
RY-SL	0.03125-0.078125|0.0625-0.15625|0.125-0.3125|0.25-0.625|0.5-1.25|1.0-2.5|2.0-5.0	1.021|1.087|1.13|1.09|1.042|0.478|0.056	0.043|0.053|0.044|0.084|0.047|0.026|0.001
RY-SR	0.03125-0.078125|0.0625-0.15625|0.125-0.3125|0.25-0.625|0.5-1.25|1.0-2.5|2.0-5.0	1.08|1.144|1.149|1.277|1.277|0.758|0.05	0.046|0.059|0.032|0.058|0.057|0.032|0.003
RY-SU	0.03125-0.3125|0.0625-0.625|0.125-1.25|0.25-2.5|0.5-5.0|1.0-10.0|2.0-20.0	0.823|0.817|0.827|0.853|0.708|0.057|0.044	0.036|0.045|0.039|0.033|0.096|0.071|0.004
SR-SU	0.078125-0.3125|0.15625-0.625|0.3125-1.25|0.625-2.5|1.25-5.0|2.5-10.0|5.0-20.0	1.033|1.093|1.084|0.979|0.689|0.512|0.328	0.027|0.061|0.035|0.022|0.036|0.018|0.019
AK-ST	0.3125-0.078125|0.625-0.15625|1.25-0.3125|2.5-0.625|5.0-1.25|10.0-2.5|20.0-5.0	1.032|0.931|0.64|0.393|0.029|0.006|-0.007	0.055|0.061|0.07|0.03|0.007|0.002|0.005
ER-RY	0.078125-0.03125|0.15625-0.0625|0.3125-0.125|0.625-0.25|1.25-0.5|2.5-1.0|5.0-2.0	1.177|1.046|1.266|1.29|1.282|0.765|0.067	0.139|0.114|0.037|0.019|0.036|0.037|0.008
ER-ST	0.078125-0.078125|0.15625-0.15625|0.3125-0.3125|0.625-0.625|1.25-1.25|2.5-2.5|5.0-5.0	1.109|1.056|0.681|0.325|0.053|0.007|0.005	0.053|0.066|0.065|0.034|0.027|0.001|0.004
GF-PD	0.3125-0.15625|0.625-0.3125|1.25-0.625|2.5-1.25|5.0-2.5|10.0-5.0|20.0-10.0	0.787|0.756|0.736|0.619|0.433|0.209|0.097	0.081|0.078|0.08|0.058|0.031|0.022|0.009
GF-RY	0.3125-0.03125|0.625-0.0625|1.25-0.125|2.5-0.25|5.0-0.5|10.0-1.0|20.0-2.0	0.964|0.934|0.92|0.958|0.633|0.236|0.033	0.04|0.03|0.046|0.039|0.036|0.046|0.004
GF-SU	0.3125-0.3125|0.625-0.625|1.25-1.25|2.5-2.5|5.0-5.0|10.0-10.0|20.0-20.0	1.085|1.024|0.908|0.579|0.356|0.207|0.095	0.067|0.062|0.033|0.021|0.028|0.017|0.008
HN-RY	0.3125-0.03125|0.625-0.0625|1.25-0.125|2.5-0.25|5.0-0.5|10.0-1.0|20.0-2.0	1.152|1.098|1.055|0.749|0.421|0.104|0.052	0.062|0.088|0.098|0.031|0.025|0.018|0.003
PI-RY	0.0625-0.03125|0.125-0.0625|0.25-0.125|0.5-0.25|1.0-0.5|2.0-1.0|4.0-2.0	0.976|0.963|0.75|0.567|0.366|0.228|0.124	0.031|0.031|0.064|0.029|0.024|0.01|0.022
PI-ST	0.0625-0.078125|0.125-0.15625|0.25-0.3125|0.5-0.625|1.0-1.25|2.0-2.5|4.0-5.0	1.008|0.754|0.5|0.194|0.049|0.008|0.005	0.062|0.055|0.047|0.012|0.013|0.002|0.001
RT-SR	0.078125-0.078125|0.15625-0.15625|0.3125-0.3125|0.625-0.625|1.25-1.25|2.5-2.5|5.0-5.0	1.021|0.959|0.755|0.822|0.733|0.221|0.13	0.069|0.117|0.055|0.095|0.092|0.032|0.01
