#Treatment	Dose	Effect
Dasatinib	1|1|1|1|3|3|3|3|10|10|10|10|30|30|30|30|100|100|100|100|300|300|300|300|1000|1000|1000|1000	0.001269835|0.001449256|4.63562E-05|0.001318726|0.003767628|0.02324935|4.72249E-05|0.003803253|0.01217274|0.013833765|9.57928E-05|0.012149015|0.033831626|0.038409889|0.00125228|0.037539029|0.20191525|0.1909031|0.1531288|0.1712632|0.37687575|0.42561955|0.5359586|0.40154395|0.4888666|0.5570665|0.6380508|0.51427505
Axitinib	10|10|10|10|30|30|30|30|100|100|100|100|300|300|300|300|1000|1000|1000|1000|3000|3000|3000|3000|10000|10000|10000|10000	5.45087E-05|0.001003561|0.000396055|0.0014112|0.000163072|0.002989004|0.001186227|0.004207047|0.000543155|0.009803514|0.003967037|0.01384295|0.001606256|0.02780296|0.01186586|0.03959557|0.005143082|0.07833682|0.03949717|0.1143158|0.01361885|0.1610958|0.1155481|0.2449834|0.03298415|0.2583188|0.3679464|0.4132762
Dasatinib-Axitinib	1-10|1-10|1-10|1-10|3-30|3-30|3-30|3-30|10-100|10-100|10-100|10-100|30-300|30-300|30-300|30-300|100-1000|100-1000|100-1000|100-1000|300-3000|300-3000|300-3000|300-3000|1000-10000|1000-10000|1000-10000|1000-10000	0.001389868|0.008524439|0.001778245|0.001915049|0.00446812|0.024215615|0.006553068|0.008238292|0.015547005|0.018623615|0.024951505|0.02474414|0.096440455|0.07250589|0.05571175|0.10074018|0.32561205|0.3840429|0.493577|0.5061362|0.5984399|0.65436285|0.74371395|0.73024715|0.98512415|0.99986645|0.9938395|0.9963162
Foretinib	1|1|3|3|10|10|30|30|100|100|300|300|1000|1000	1.29921E-16|0.032546635|1.14589E-15|0.03029839|1.18079E-18|0.054129465|2.13553E-13|0.0932703|6.16314E-13|0.08071795|3.70587E-10|0.091384851|0.085198667|0.098396414
Bosutinib	500|500|1000|1000|2000|2000|3000|3000|4000|4000|6000|6000|10000|10000	0.004089659|0.005357135|0.0155587|0.02496739|0.065453594|0.13485905|0.32837735|0.26251855|0.62364065|0.62897725|0.8796088|0.88404205|0.96450355|0.9628286
Foretinib-Bosutinib	1-500|1-500|3-1000|3-1000|10-2000|10-2000|30-3000|30-3000|100-4000|100-4000|300-6000|300-6000|1000-10000|1000-10000	9.51733E-05|0.014737955|0.002685992|0.006411902|0.07249348|0.14259145|0.43631815|0.4334527|0.74772105|0.73424145|0.84642145|0.9008857|0.9874903|1.0073715
Pazopanib	10|10|30|30|100|100|300|300|1000|1000|3000|3000|10000|10000	2.56534E-06|0.000723792|1.61646E-05|0.020969013|0.000140253|0.004295045|0.000882334|0.01759384|0.00754512|0.02548507|0.043695675|0.05780515|0.38647665|0.31571985
Bosutinib	500|500|1000|1000|2000|2000|3000|3000|4000|4000|6000|6000|10000|10000	2.22045E-18|0|2.22045E-18|2.22045E-18|2.55137E-05|0.03546304|0.3155011|0.3447588|0.5845943|0.6474295|0.8685214|0.8997237|0.9757679|0.9855553
Pazopanib-Bosutinib	10-500|10-500|30-1000|30-1000|100-2000|100-2000|300-3000|300-3000|1000-4000|1000-4000|3000-6000|3000-6000|10000-10000|10000-10000	0.000176758|2.30475E-05|0.00449263|0.020918525|0.056493521|0.0577009|0.32166215|0.39510295|0.70396625|0.69949305|0.94504315|0.95781655|0.9933413|1.003953
Nintedanib	100|100|300|300|600|600|1200|1200|2400|2400|5000|5000|10000|10000	0.000118113|0.000109988|0.000105925|0.000167361|0.001581644|0.000295691|0.010125085|0.002584286|0.06874821|0.04982905|0.355226|0.31126885|0.6128369|0.57621715
Enzastaurin	10|10|30|30|100|100|300|300|1000|1000|3000|3000|10000|10000	0.004623879|0.005419315|0.01201015|0.015186705|0.0273737|0.041408505|0.09298328|0.1410625|0.1403764|0.19421275|0.140315|0.22937945|0.2173856|0.3612497
Nintedanib-Enzastaurin	100-10|100-10|300-30|300-30|600-100|600-100|1200-300|1200-300|2400-1000|2400-1000|5000-3000|5000-3000|10000-10000|10000-10000	0.001164715|0.00109803|0.001876168|0.004912001|0.017403598|0.02250228|0.105795825|0.19305685|0.3925422|0.46315645|0.6533051|0.7178281|0.99305055|1.00501995